Mesh Number: 0
Vertex Count: 2418
Triangle Count: 806
 V0: -1.136571 0.349732 0.100000 
 V1: 0.349732 0.100000 -1.274130 
 V2: 0.100000 -1.274130 0.145970 
 V3: -1.274130 0.145970 0.100000 
 V4: 0.145970 0.100000 -1.136571 
 V5: 0.100000 -1.136571 0.349732 
 V6: -1.136571 0.349732 0.700000 
 V7: 0.349732 0.700000 -1.136571 
 V8: 0.700000 -1.136571 0.349732 
 V9: -1.136571 0.349732 0.700000 
 V10: 0.349732 0.700000 -1.274130 
 V11: 0.700000 -1.274130 0.145970 
 V12: -1.274130 0.145970 0.100000 
 V13: 0.145970 0.100000 -1.274130 
 V14: 0.100000 -1.274130 0.145970 
 V15: -1.274130 0.145970 0.700000 
 V16: 0.145970 0.700000 -1.274130 
 V17: 0.700000 -1.274130 0.145970 
 V18: -1.274130 0.145970 0.700000 
 V19: 0.145970 0.700000 -1.274130 
 V20: 0.700000 -1.274130 0.145970 
 V21: -1.274130 0.145970 0.100000 
 V22: 0.145970 0.100000 -1.411891 
 V23: 0.100000 -1.411891 -0.068645 
 V24: -1.411891 -0.068645 0.100000 
 V25: -0.068645 0.100000 -1.274130 
 V26: 0.100000 -1.274130 0.145970 
 V27: -1.274130 0.145970 0.700000 
 V28: 0.145970 0.700000 -1.411891 
 V29: 0.700000 -1.411891 -0.068645 
 V30: -1.411891 -0.068645 0.100000 
 V31: -0.068645 0.100000 -1.411891 
 V32: 0.100000 -1.411891 -0.068645 
 V33: -1.411891 -0.068645 0.700000 
 V34: -0.068645 0.700000 -1.411891 
 V35: 0.700000 -1.411891 -0.068645 
 V36: -1.411891 -0.068645 0.700000 
 V37: -0.068645 0.700000 -1.411891 
 V38: 0.700000 -1.411891 -0.068645 
 V39: -1.411891 -0.068645 0.100000 
 V40: -0.068645 0.100000 -1.543713 
 V41: 0.100000 -1.543713 -0.294966 
 V42: -1.543713 -0.294966 0.100000 
 V43: -0.294966 0.100000 -1.411891 
 V44: 0.100000 -1.411891 -0.068645 
 V45: -1.411891 -0.068645 0.700000 
 V46: -0.068645 0.700000 -1.543713 
 V47: 0.700000 -1.543713 -0.294966 
 V48: -1.543713 -0.294966 0.100000 
 V49: -0.294966 0.100000 -1.543713 
 V50: 0.100000 -1.543713 -0.294966 
 V51: -1.543713 -0.294966 0.700000 
 V52: -0.294966 0.700000 -1.543713 
 V53: 0.700000 -1.543713 -0.294966 
 V54: -1.543713 -0.294966 0.700000 
 V55: -0.294966 0.700000 -1.543713 
 V56: 0.700000 -1.543713 -0.294966 
 V57: -1.543713 -0.294966 0.100000 
 V58: -0.294966 0.100000 -1.669328 
 V59: 0.100000 -1.669328 -0.518653 
 V60: -1.669328 -0.518653 0.100000 
 V61: -0.518653 0.100000 -1.543713 
 V62: 0.100000 -1.543713 -0.294966 
 V63: -1.543713 -0.294966 0.700000 
 V64: -0.294966 0.700000 -1.669328 
 V65: 0.700000 -1.669328 -0.518653 
 V66: -1.669328 -0.518653 0.100000 
 V67: -0.518653 0.100000 -1.669328 
 V68: 0.100000 -1.669328 -0.518653 
 V69: -1.669328 -0.518653 0.700000 
 V70: -0.518653 0.700000 -1.669328 
 V71: 0.700000 -1.669328 -0.518653 
 V72: -1.669328 -0.518653 0.700000 
 V73: -0.518653 0.700000 -1.669328 
 V74: 0.700000 -1.669328 -0.518653 
 V75: -1.669328 -0.518653 0.100000 
 V76: -0.518653 0.100000 -1.732574 
 V77: 0.100000 -1.732574 -0.632261 
 V78: -1.732574 -0.632261 0.100000 
 V79: -0.632261 0.100000 -1.669328 
 V80: 0.100000 -1.669328 -0.518653 
 V81: -1.669328 -0.518653 0.700000 
 V82: -0.518653 0.700000 -1.732574 
 V83: 0.700000 -1.732574 -0.632261 
 V84: -1.732574 -0.632261 0.100000 
 V85: -0.632261 0.100000 -1.732574 
 V86: 0.100000 -1.732574 -0.632261 
 V87: -1.732574 -0.632261 0.700000 
 V88: -0.632261 0.700000 -1.732574 
 V89: 0.700000 -1.732574 -0.632261 
 V90: -1.732574 -0.632261 0.700000 
 V91: -0.632261 0.700000 -1.732574 
 V92: 0.700000 -1.732574 -0.632261 
 V93: -1.732574 -0.632261 0.100000 
 V94: -0.632261 0.100000 -1.797561 
 V95: 0.100000 -1.797561 -0.751274 
 V96: -1.797561 -0.751274 0.100000 
 V97: -0.751274 0.100000 -1.732574 
 V98: 0.100000 -1.732574 -0.632261 
 V99: -1.732574 -0.632261 0.700000 
 V100: -0.632261 0.700000 -1.797561 
 V101: 0.700000 -1.797561 -0.751274 
 V102: -1.797561 -0.751274 0.100000 
 V103: -0.751274 0.100000 -1.797561 
 V104: 0.100000 -1.797561 -0.751274 
 V105: -1.797561 -0.751274 0.700000 
 V106: -0.751274 0.700000 -1.797561 
 V107: 0.700000 -1.797561 -0.751274 
 V108: -1.797561 -0.751274 0.700000 
 V109: -0.751274 0.700000 -1.797561 
 V110: 0.700000 -1.797561 -0.751274 
 V111: -1.797561 -0.751274 0.100000 
 V112: -0.751274 0.100000 -1.864020 
 V113: 0.100000 -1.864020 -0.877828 
 V114: -1.864020 -0.877828 0.100000 
 V115: -0.877828 0.100000 -1.797561 
 V116: 0.100000 -1.797561 -0.751274 
 V117: -1.797561 -0.751274 0.700000 
 V118: -0.751274 0.700000 -1.864020 
 V119: 0.700000 -1.864020 -0.877828 
 V120: -1.864020 -0.877828 0.100000 
 V121: -0.877828 0.100000 -1.864020 
 V122: 0.100000 -1.864020 -0.877828 
 V123: -1.864020 -0.877828 0.700000 
 V124: -0.877828 0.700000 -1.864020 
 V125: 0.700000 -1.864020 -0.877828 
 V126: -1.864020 -0.877828 0.700000 
 V127: -0.877828 0.700000 -1.864020 
 V128: 0.700000 -1.864020 -0.877828 
 V129: -1.864020 -0.877828 0.100000 
 V130: -0.877828 0.100000 -1.930176 
 V131: 0.100000 -1.930176 -1.011825 
 V132: -1.930176 -1.011825 0.100000 
 V133: -1.011825 0.100000 -1.864020 
 V134: 0.100000 -1.864020 -0.877828 
 V135: -1.864020 -0.877828 0.700000 
 V136: -0.877828 0.700000 -1.930176 
 V137: 0.700000 -1.930176 -1.011825 
 V138: -1.930176 -1.011825 0.100000 
 V139: -1.011825 0.100000 -1.930176 
 V140: 0.100000 -1.930176 -1.011825 
 V141: -1.930176 -1.011825 0.700000 
 V142: -1.011825 0.700000 -1.930176 
 V143: 0.700000 -1.930176 -1.011825 
 V144: -1.930176 -1.011825 0.700000 
 V145: -1.011825 0.700000 -1.930176 
 V146: 0.700000 -1.930176 -1.011825 
 V147: -1.930176 -1.011825 0.100000 
 V148: -1.011825 0.100000 -1.991240 
 V149: 0.100000 -1.991240 -1.148509 
 V150: -1.991240 -1.148509 0.100000 
 V151: -1.148509 0.100000 -1.930176 
 V152: 0.100000 -1.930176 -1.011825 
 V153: -1.930176 -1.011825 0.700000 
 V154: -1.011825 0.700000 -1.991240 
 V155: 0.700000 -1.991240 -1.148509 
 V156: -1.991240 -1.148509 0.100000 
 V157: -1.148509 0.100000 -1.991240 
 V158: 0.100000 -1.991240 -1.148509 
 V159: -1.991240 -1.148509 0.700000 
 V160: -1.148509 0.700000 -1.991240 
 V161: 0.700000 -1.991240 -1.148509 
 V162: -1.991240 -1.148509 0.700000 
 V163: -1.148509 0.700000 -1.991240 
 V164: 0.700000 -1.991240 -1.148509 
 V165: -1.991240 -1.148509 0.100000 
 V166: -1.148509 0.100000 -2.039812 
 V167: 0.100000 -2.039812 -1.278096 
 V168: -2.039812 -1.278096 0.100000 
 V169: -1.278096 0.100000 -1.991240 
 V170: 0.100000 -1.991240 -1.148509 
 V171: -1.991240 -1.148509 0.700000 
 V172: -1.148509 0.700000 -2.039812 
 V173: 0.700000 -2.039812 -1.278096 
 V174: -2.039812 -1.278096 0.100000 
 V175: -1.278096 0.100000 -2.039812 
 V176: 0.100000 -2.039812 -1.278096 
 V177: -2.039812 -1.278096 0.700000 
 V178: -1.278096 0.700000 -2.039812 
 V179: 0.700000 -2.039812 -1.278096 
 V180: -2.039812 -1.278096 0.700000 
 V181: -1.278096 0.700000 -2.039812 
 V182: 0.700000 -2.039812 -1.278096 
 V183: -2.039812 -1.278096 0.100000 
 V184: -1.278096 0.100000 -2.057706 
 V185: 0.100000 -2.057706 -1.337028 
 V186: -2.057706 -1.337028 0.100000 
 V187: -1.337028 0.100000 -2.039812 
 V188: 0.100000 -2.039812 -1.278096 
 V189: -2.039812 -1.278096 0.700000 
 V190: -1.278096 0.700000 -2.057706 
 V191: 0.700000 -2.057706 -1.337028 
 V192: -2.057706 -1.337028 0.100000 
 V193: -1.337028 0.100000 -2.057706 
 V194: 0.100000 -2.057706 -1.337028 
 V195: -2.057706 -1.337028 0.700000 
 V196: -1.337028 0.700000 -2.057706 
 V197: 0.700000 -2.057706 -1.337028 
 V198: -2.057706 -1.337028 0.700000 
 V199: -1.337028 0.700000 -2.057706 
 V200: 0.700000 -2.057706 -1.337028 
 V201: -2.057706 -1.337028 0.100000 
 V202: -1.337028 0.100000 -2.071039 
 V203: 0.100000 -2.071039 -1.390727 
 V204: -2.071039 -1.390727 0.100000 
 V205: -1.390727 0.100000 -2.057706 
 V206: 0.100000 -2.057706 -1.337028 
 V207: -2.057706 -1.337028 0.700000 
 V208: -1.337028 0.700000 -2.071039 
 V209: 0.700000 -2.071039 -1.390727 
 V210: -2.071039 -1.390727 0.100000 
 V211: -1.390727 0.100000 -2.071039 
 V212: 0.100000 -2.071039 -1.390727 
 V213: -2.071039 -1.390727 0.700000 
 V214: -1.390727 0.700000 -2.071039 
 V215: 0.700000 -2.071039 -1.390727 
 V216: -2.071039 -1.390727 0.700000 
 V217: -1.390727 0.700000 -2.071039 
 V218: 0.700000 -2.071039 -1.390727 
 V219: -2.071039 -1.390727 0.100000 
 V220: -1.390727 0.100000 -2.079947 
 V221: 0.100000 -2.079947 -1.438548 
 V222: -2.079947 -1.438548 0.100000 
 V223: -1.438548 0.100000 -2.071039 
 V224: 0.100000 -2.071039 -1.390727 
 V225: -2.071039 -1.390727 0.700000 
 V226: -1.390727 0.700000 -2.079947 
 V227: 0.700000 -2.079947 -1.438548 
 V228: -2.079947 -1.438548 0.100000 
 V229: -1.438548 0.100000 -2.079947 
 V230: 0.100000 -2.079947 -1.438548 
 V231: -2.079947 -1.438548 0.700000 
 V232: -1.438548 0.700000 -2.079947 
 V233: 0.700000 -2.079947 -1.438548 
 V234: -2.079947 -1.438548 0.700000 
 V235: -1.438548 0.700000 -2.079947 
 V236: 0.700000 -2.079947 -1.438548 
 V237: -2.079947 -1.438548 0.100000 
 V238: -1.438548 0.100000 -2.084747 
 V239: 0.100000 -2.084747 -1.480094 
 V240: -2.084747 -1.480094 0.100000 
 V241: -1.480094 0.100000 -2.079947 
 V242: 0.100000 -2.079947 -1.438548 
 V243: -2.079947 -1.438548 0.700000 
 V244: -1.438548 0.700000 -2.084747 
 V245: 0.700000 -2.084747 -1.480094 
 V246: -2.084747 -1.480094 0.100000 
 V247: -1.480094 0.100000 -2.084747 
 V248: 0.100000 -2.084747 -1.480094 
 V249: -2.084747 -1.480094 0.700000 
 V250: -1.480094 0.700000 -2.084747 
 V251: 0.700000 -2.084747 -1.480094 
 V252: -2.084747 -1.480094 0.700000 
 V253: -1.480094 0.700000 -2.084747 
 V254: 0.700000 -2.084747 -1.480094 
 V255: -2.084747 -1.480094 0.100000 
 V256: -1.480094 0.100000 -2.085797 
 V257: 0.100000 -2.085797 -1.515127 
 V258: -2.085797 -1.515127 0.100000 
 V259: -1.515127 0.100000 -2.084747 
 V260: 0.100000 -2.084747 -1.480094 
 V261: -2.084747 -1.480094 0.700000 
 V262: -1.480094 0.700000 -2.085797 
 V263: 0.700000 -2.085797 -1.515127 
 V264: -2.085797 -1.515127 0.100000 
 V265: -1.515127 0.100000 -2.085797 
 V266: 0.100000 -2.085797 -1.515127 
 V267: -2.085797 -1.515127 0.700000 
 V268: -1.515127 0.700000 -2.085797 
 V269: 0.700000 -2.085797 -1.515127 
 V270: -2.085797 -1.515127 0.700000 
 V271: -1.515127 0.700000 -2.085797 
 V272: 0.700000 -2.085797 -1.515127 
 V273: -2.085797 -1.515127 0.100000 
 V274: -1.515127 0.100000 -2.083351 
 V275: 0.100000 -2.083351 -1.543482 
 V276: -2.083351 -1.543482 0.100000 
 V277: -1.543482 0.100000 -2.085797 
 V278: 0.100000 -2.085797 -1.515127 
 V279: -2.085797 -1.515127 0.700000 
 V280: -1.515127 0.700000 -2.083351 
 V281: 0.700000 -2.083351 -1.543482 
 V282: -2.083351 -1.543482 0.100000 
 V283: -1.543482 0.100000 -2.083351 
 V284: 0.100000 -2.083351 -1.543482 
 V285: -2.083351 -1.543482 0.700000 
 V286: -1.543482 0.700000 -2.083351 
 V287: 0.700000 -2.083351 -1.543482 
 V288: -2.083351 -1.543482 0.700000 
 V289: -1.543482 0.700000 -2.083351 
 V290: 0.700000 -2.083351 -1.543482 
 V291: -2.083351 -1.543482 0.100000 
 V292: -1.543482 0.100000 -2.077380 
 V293: 0.100000 -2.077380 -1.564990 
 V294: -2.077380 -1.564990 0.100000 
 V295: -1.564990 0.100000 -2.083351 
 V296: 0.100000 -2.083351 -1.543482 
 V297: -2.083351 -1.543482 0.700000 
 V298: -1.543482 0.700000 -2.077380 
 V299: 0.700000 -2.077380 -1.564990 
 V300: -2.077380 -1.564990 0.100000 
 V301: -1.564990 0.100000 -2.077380 
 V302: 0.100000 -2.077380 -1.564990 
 V303: -2.077380 -1.564990 0.700000 
 V304: -1.564990 0.700000 -2.077380 
 V305: 0.700000 -2.077380 -1.564990 
 V306: -2.077380 -1.564990 0.700000 
 V307: -1.564990 0.700000 -2.077380 
 V308: 0.700000 -2.077380 -1.564990 
 V309: -2.077380 -1.564990 0.100000 
 V310: -1.564990 0.100000 -2.072943 
 V311: 0.100000 -2.072943 -1.573105 
 V312: -2.072943 -1.573105 0.100000 
 V313: -1.573105 0.100000 -2.077380 
 V314: 0.100000 -2.077380 -1.564990 
 V315: -2.077380 -1.564990 0.700000 
 V316: -1.564990 0.700000 -2.072943 
 V317: 0.700000 -2.072943 -1.573105 
 V318: -2.072943 -1.573105 0.100000 
 V319: -1.573105 0.100000 -2.072943 
 V320: 0.100000 -2.072943 -1.573105 
 V321: -2.072943 -1.573105 0.700000 
 V322: -1.573105 0.700000 -2.072943 
 V323: 0.700000 -2.072943 -1.573105 
 V324: -2.072943 -1.573105 0.700000 
 V325: -1.573105 0.700000 -2.072943 
 V326: 0.700000 -2.072943 -1.573105 
 V327: -2.072943 -1.573105 0.100000 
 V328: -1.573105 0.100000 -2.067405 
 V329: 0.100000 -2.067405 -1.579412 
 V330: -2.067405 -1.579412 0.100000 
 V331: -1.579412 0.100000 -2.072943 
 V332: 0.100000 -2.072943 -1.573105 
 V333: -2.072943 -1.573105 0.700000 
 V334: -1.573105 0.700000 -2.067405 
 V335: 0.700000 -2.067405 -1.579412 
 V336: -2.067405 -1.579412 0.100000 
 V337: -1.579412 0.100000 -2.067405 
 V338: 0.100000 -2.067405 -1.579412 
 V339: -2.067405 -1.579412 0.700000 
 V340: -1.579412 0.700000 -2.067405 
 V341: 0.700000 -2.067405 -1.579412 
 V342: -2.067405 -1.579412 0.700000 
 V343: -1.579412 0.700000 -2.067405 
 V344: 0.700000 -2.067405 -1.579412 
 V345: -2.067405 -1.579412 0.100000 
 V346: -1.579412 0.100000 -2.064183 
 V347: 0.100000 -2.064183 -1.581875 
 V348: -2.064183 -1.581875 0.100000 
 V349: -1.581875 0.100000 -2.067405 
 V350: 0.100000 -2.067405 -1.579412 
 V351: -2.067405 -1.579412 0.700000 
 V352: -1.579412 0.700000 -2.064183 
 V353: 0.700000 -2.064183 -1.581875 
 V354: -2.064183 -1.581875 0.100000 
 V355: -1.581875 0.100000 -2.064183 
 V356: 0.100000 -2.064183 -1.581875 
 V357: -2.064183 -1.581875 0.700000 
 V358: -1.581875 0.700000 -2.064183 
 V359: 0.700000 -2.064183 -1.581875 
 V360: -2.064183 -1.581875 0.700000 
 V361: -1.581875 0.700000 -2.064183 
 V362: 0.700000 -2.064183 -1.581875 
 V363: -2.064183 -1.581875 0.100000 
 V364: -1.581875 0.100000 -2.060635 
 V365: 0.100000 -2.060635 -1.583873 
 V366: -2.060635 -1.583873 0.100000 
 V367: -1.583873 0.100000 -2.064183 
 V368: 0.100000 -2.064183 -1.581875 
 V369: -2.064183 -1.581875 0.700000 
 V370: -1.581875 0.700000 -2.060635 
 V371: 0.700000 -2.060635 -1.583873 
 V372: -2.060635 -1.583873 0.100000 
 V373: -1.583873 0.100000 -2.060635 
 V374: 0.100000 -2.060635 -1.583873 
 V375: -2.060635 -1.583873 0.700000 
 V376: -1.583873 0.700000 -2.060635 
 V377: 0.700000 -2.060635 -1.583873 
 V378: -2.060635 -1.583873 0.700000 
 V379: -1.583873 0.700000 -2.060635 
 V380: 0.700000 -2.060635 -1.583873 
 V381: -2.060635 -1.583873 0.100000 
 V382: -1.583873 0.100000 -2.052495 
 V383: 0.100000 -2.052495 -1.586457 
 V384: -2.052495 -1.586457 0.100000 
 V385: -1.586457 0.100000 -2.060635 
 V386: 0.100000 -2.060635 -1.583873 
 V387: -2.060635 -1.583873 0.700000 
 V388: -1.583873 0.700000 -2.052495 
 V389: 0.700000 -2.052495 -1.586457 
 V390: -2.052495 -1.586457 0.100000 
 V391: -1.586457 0.100000 -2.052495 
 V392: 0.100000 -2.052495 -1.586457 
 V393: -2.052495 -1.586457 0.700000 
 V394: -1.586457 0.700000 -2.052495 
 V395: 0.700000 -2.052495 -1.586457 
 V396: -2.052495 -1.586457 0.700000 
 V397: -1.586457 0.700000 -2.052495 
 V398: 0.700000 -2.052495 -1.586457 
 V399: -2.052495 -1.586457 0.100000 
 V400: -1.586457 0.100000 -2.042846 
 V401: 0.100000 -2.042846 -1.587149 
 V402: -2.042846 -1.587149 0.100000 
 V403: -1.587149 0.100000 -2.052495 
 V404: 0.100000 -2.052495 -1.586457 
 V405: -2.052495 -1.586457 0.700000 
 V406: -1.586457 0.700000 -2.042846 
 V407: 0.700000 -2.042846 -1.587149 
 V408: -2.042846 -1.587149 0.100000 
 V409: -1.587149 0.100000 -2.042846 
 V410: 0.100000 -2.042846 -1.587149 
 V411: -2.042846 -1.587149 0.700000 
 V412: -1.587149 0.700000 -2.042846 
 V413: 0.700000 -2.042846 -1.587149 
 V414: -2.042846 -1.587149 0.700000 
 V415: -1.587149 0.700000 -2.042846 
 V416: 0.700000 -2.042846 -1.587149 
 V417: -2.042846 -1.587149 0.100000 
 V418: -1.587149 0.100000 -2.031565 
 V419: 0.100000 -2.031565 -1.585953 
 V420: -2.031565 -1.585953 0.100000 
 V421: -1.585953 0.100000 -2.042846 
 V422: 0.100000 -2.042846 -1.587149 
 V423: -2.042846 -1.587149 0.700000 
 V424: -1.587149 0.700000 -2.031565 
 V425: 0.700000 -2.031565 -1.585953 
 V426: -2.031565 -1.585953 0.100000 
 V427: -1.585953 0.100000 -2.031565 
 V428: 0.100000 -2.031565 -1.585953 
 V429: -2.031565 -1.585953 0.700000 
 V430: -1.585953 0.700000 -2.031565 
 V431: 0.700000 -2.031565 -1.585953 
 V432: -2.031565 -1.585953 0.700000 
 V433: -1.585953 0.700000 -2.031565 
 V434: 0.700000 -2.031565 -1.585953 
 V435: -2.031565 -1.585953 0.100000 
 V436: -1.585953 0.100000 -2.003729 
 V437: 0.100000 -2.003729 -1.578038 
 V438: -2.003729 -1.578038 0.100000 
 V439: -1.578038 0.100000 -2.031565 
 V440: 0.100000 -2.031565 -1.585953 
 V441: -2.031565 -1.585953 0.700000 
 V442: -1.585953 0.700000 -2.003729 
 V443: 0.700000 -2.003729 -1.578038 
 V444: -2.003729 -1.578038 0.100000 
 V445: -1.578038 0.100000 -2.003729 
 V446: 0.100000 -2.003729 -1.578038 
 V447: -2.003729 -1.578038 0.700000 
 V448: -1.578038 0.700000 -2.003729 
 V449: 0.700000 -2.003729 -1.578038 
 V450: -2.003729 -1.578038 0.700000 
 V451: -1.578038 0.700000 -2.003729 
 V452: 0.700000 -2.003729 -1.578038 
 V453: -2.003729 -1.578038 0.100000 
 V454: -1.578038 0.100000 -1.968485 
 V455: 0.100000 -1.968485 -1.563243 
 V456: -1.968485 -1.563243 0.100000 
 V457: -1.563243 0.100000 -2.003729 
 V458: 0.100000 -2.003729 -1.578038 
 V459: -2.003729 -1.578038 0.700000 
 V460: -1.578038 0.700000 -1.968485 
 V461: 0.700000 -1.968485 -1.563243 
 V462: -1.968485 -1.563243 0.100000 
 V463: -1.563243 0.100000 -1.968485 
 V464: 0.100000 -1.968485 -1.563243 
 V465: -1.968485 -1.563243 0.700000 
 V466: -1.563243 0.700000 -1.968485 
 V467: 0.700000 -1.968485 -1.563243 
 V468: -1.968485 -1.563243 0.700000 
 V469: -1.563243 0.700000 -1.968485 
 V470: 0.700000 -1.968485 -1.563243 
 V471: -1.968485 -1.563243 0.100000 
 V472: -1.563243 0.100000 -1.925703 
 V473: 0.100000 -1.925703 -1.542427 
 V474: -1.925703 -1.542427 0.100000 
 V475: -1.542427 0.100000 -1.968485 
 V476: 0.100000 -1.968485 -1.563243 
 V477: -1.968485 -1.563243 0.700000 
 V478: -1.563243 0.700000 -1.925703 
 V479: 0.700000 -1.925703 -1.542427 
 V480: -1.925703 -1.542427 0.100000 
 V481: -1.542427 0.100000 -1.925703 
 V482: 0.100000 -1.925703 -1.542427 
 V483: -1.925703 -1.542427 0.700000 
 V484: -1.542427 0.700000 -1.925703 
 V485: 0.700000 -1.925703 -1.542427 
 V486: -1.925703 -1.542427 0.700000 
 V487: -1.542427 0.700000 -1.925703 
 V488: 0.700000 -1.925703 -1.542427 
 V489: -1.925703 -1.542427 0.100000 
 V490: -1.542427 0.100000 -1.875568 
 V491: 0.100000 -1.875568 -1.516688 
 V492: -1.875568 -1.516688 0.100000 
 V493: -1.516688 0.100000 -1.925703 
 V494: 0.100000 -1.925703 -1.542427 
 V495: -1.925703 -1.542427 0.700000 
 V496: -1.542427 0.700000 -1.875568 
 V497: 0.700000 -1.875568 -1.516688 
 V498: -1.875568 -1.516688 0.100000 
 V499: -1.516688 0.100000 -1.875568 
 V500: 0.100000 -1.875568 -1.516688 
 V501: -1.875568 -1.516688 0.700000 
 V502: -1.516688 0.700000 -1.875568 
 V503: 0.700000 -1.875568 -1.516688 
 V504: -1.875568 -1.516688 0.700000 
 V505: -1.516688 0.700000 -1.875568 
 V506: 0.700000 -1.875568 -1.516688 
 V507: -1.875568 -1.516688 0.100000 
 V508: -1.516688 0.100000 -1.818542 
 V509: 0.100000 -1.818542 -1.487285 
 V510: -1.818542 -1.487285 0.100000 
 V511: -1.487285 0.100000 -1.875568 
 V512: 0.100000 -1.875568 -1.516688 
 V513: -1.875568 -1.516688 0.700000 
 V514: -1.516688 0.700000 -1.818542 
 V515: 0.700000 -1.818542 -1.487285 
 V516: -1.818542 -1.487285 0.100000 
 V517: -1.487285 0.100000 -1.818542 
 V518: 0.100000 -1.818542 -1.487285 
 V519: -1.818542 -1.487285 0.700000 
 V520: -1.487285 0.700000 -1.818542 
 V521: 0.700000 -1.818542 -1.487285 
 V522: -1.818542 -1.487285 0.700000 
 V523: -1.487285 0.700000 -1.818542 
 V524: 0.700000 -1.818542 -1.487285 
 V525: -1.818542 -1.487285 0.100000 
 V526: -1.487285 0.100000 -1.755323 
 V527: 0.100000 -1.755323 -1.455548 
 V528: -1.755323 -1.455548 0.100000 
 V529: -1.455548 0.100000 -1.818542 
 V530: 0.100000 -1.818542 -1.487285 
 V531: -1.818542 -1.487285 0.700000 
 V532: -1.487285 0.700000 -1.755323 
 V533: 0.700000 -1.755323 -1.455548 
 V534: -1.755323 -1.455548 0.100000 
 V535: -1.455548 0.100000 -1.755323 
 V536: 0.100000 -1.755323 -1.455548 
 V537: -1.755323 -1.455548 0.700000 
 V538: -1.455548 0.700000 -1.755323 
 V539: 0.700000 -1.755323 -1.455548 
 V540: -1.755323 -1.455548 0.700000 
 V541: -1.455548 0.700000 -1.755323 
 V542: 0.700000 -1.755323 -1.455548 
 V543: -1.755323 -1.455548 0.100000 
 V544: -1.455548 0.100000 -1.614028 
 V545: 0.100000 -1.614028 -1.390293 
 V546: -1.614028 -1.390293 0.100000 
 V547: -1.390293 0.100000 -1.755323 
 V548: 0.100000 -1.755323 -1.455548 
 V549: -1.755323 -1.455548 0.700000 
 V550: -1.455548 0.700000 -1.614028 
 V551: 0.700000 -1.614028 -1.390293 
 V552: -1.614028 -1.390293 0.100000 
 V553: -1.390293 0.100000 -1.614028 
 V554: 0.100000 -1.614028 -1.390293 
 V555: -1.614028 -1.390293 0.700000 
 V556: -1.390293 0.700000 -1.614028 
 V557: 0.700000 -1.614028 -1.390293 
 V558: -1.614028 -1.390293 0.700000 
 V559: -1.390293 0.700000 -1.614028 
 V560: 0.700000 -1.614028 -1.390293 
 V561: -1.614028 -1.390293 0.100000 
 V562: -1.390293 0.100000 -1.460389 
 V563: 0.100000 -1.460389 -1.330298 
 V564: -1.460389 -1.330298 0.100000 
 V565: -1.330298 0.100000 -1.614028 
 V566: 0.100000 -1.614028 -1.390293 
 V567: -1.614028 -1.390293 0.700000 
 V568: -1.390293 0.700000 -1.460389 
 V569: 0.700000 -1.460389 -1.330298 
 V570: -1.460389 -1.330298 0.100000 
 V571: -1.330298 0.100000 -1.460389 
 V572: 0.100000 -1.460389 -1.330298 
 V573: -1.460389 -1.330298 0.700000 
 V574: -1.330298 0.700000 -1.460389 
 V575: 0.700000 -1.460389 -1.330298 
 V576: -1.460389 -1.330298 0.700000 
 V577: -1.330298 0.700000 -1.460389 
 V578: 0.700000 -1.460389 -1.330298 
 V579: -1.460389 -1.330298 0.100000 
 V580: -1.330298 0.100000 -1.304251 
 V581: 0.100000 -1.304251 -1.281393 
 V582: -1.304251 -1.281393 0.100000 
 V583: -1.281393 0.100000 -1.460389 
 V584: 0.100000 -1.460389 -1.330298 
 V585: -1.460389 -1.330298 0.700000 
 V586: -1.330298 0.700000 -1.304251 
 V587: 0.700000 -1.304251 -1.281393 
 V588: -1.304251 -1.281393 0.100000 
 V589: -1.281393 0.100000 -1.304251 
 V590: 0.100000 -1.304251 -1.281393 
 V591: -1.304251 -1.281393 0.700000 
 V592: -1.281393 0.700000 -1.304251 
 V593: 0.700000 -1.304251 -1.281393 
 V594: -1.304251 -1.281393 0.700000 
 V595: -1.281393 0.700000 -1.304251 
 V596: 0.700000 -1.304251 -1.281393 
 V597: -1.304251 -1.281393 0.100000 
 V598: -1.281393 0.100000 -1.155305 
 V599: 0.100000 -1.155305 -1.243169 
 V600: -1.155305 -1.243169 0.100000 
 V601: -1.243169 0.100000 -1.304251 
 V602: 0.100000 -1.304251 -1.281393 
 V603: -1.304251 -1.281393 0.700000 
 V604: -1.281393 0.700000 -1.155305 
 V605: 0.700000 -1.155305 -1.243169 
 V606: -1.155305 -1.243169 0.100000 
 V607: -1.243169 0.100000 -1.155305 
 V608: 0.100000 -1.155305 -1.243169 
 V609: -1.155305 -1.243169 0.700000 
 V610: -1.243169 0.700000 -1.155305 
 V611: 0.700000 -1.155305 -1.243169 
 V612: -1.155305 -1.243169 0.700000 
 V613: -1.243169 0.700000 -1.155305 
 V614: 0.700000 -1.155305 -1.243169 
 V615: -1.155305 -1.243169 0.100000 
 V616: -1.243169 0.100000 -1.019804 
 V617: 0.100000 -1.019804 -1.211640 
 V618: -1.019804 -1.211640 0.100000 
 V619: -1.211640 0.100000 -1.155305 
 V620: 0.100000 -1.155305 -1.243169 
 V621: -1.155305 -1.243169 0.700000 
 V622: -1.243169 0.700000 -1.019804 
 V623: 0.700000 -1.019804 -1.211640 
 V624: -1.019804 -1.211640 0.100000 
 V625: -1.211640 0.100000 -1.019804 
 V626: 0.100000 -1.019804 -1.211640 
 V627: -1.019804 -1.211640 0.700000 
 V628: -1.211640 0.700000 -1.019804 
 V629: 0.700000 -1.019804 -1.211640 
 V630: -1.019804 -1.211640 0.700000 
 V631: -1.211640 0.700000 -1.019804 
 V632: 0.700000 -1.019804 -1.211640 
 V633: -1.019804 -1.211640 0.100000 
 V634: -1.211640 0.100000 -0.897883 
 V635: 0.100000 -0.897883 -1.184047 
 V636: -0.897883 -1.184047 0.100000 
 V637: -1.184047 0.100000 -1.019804 
 V638: 0.100000 -1.019804 -1.211640 
 V639: -1.019804 -1.211640 0.700000 
 V640: -1.211640 0.700000 -0.897883 
 V641: 0.700000 -0.897883 -1.184047 
 V642: -0.897883 -1.184047 0.100000 
 V643: -1.184047 0.100000 -0.897883 
 V644: 0.100000 -0.897883 -1.184047 
 V645: -0.897883 -1.184047 0.700000 
 V646: -1.184047 0.700000 -0.897883 
 V647: 0.700000 -0.897883 -1.184047 
 V648: -0.897883 -1.184047 0.700000 
 V649: -1.184047 0.700000 -0.897883 
 V650: 0.700000 -0.897883 -1.184047 
 V651: -0.897883 -1.184047 0.100000 
 V652: -1.184047 0.100000 -0.672637 
 V653: 0.100000 -0.672637 -1.138694 
 V654: -0.672637 -1.138694 0.100000 
 V655: -1.138694 0.100000 -0.897883 
 V656: 0.100000 -0.897883 -1.184047 
 V657: -0.897883 -1.184047 0.700000 
 V658: -1.184047 0.700000 -0.672637 
 V659: 0.700000 -0.672637 -1.138694 
 V660: -0.672637 -1.138694 0.100000 
 V661: -1.138694 0.100000 -0.672637 
 V662: 0.100000 -0.672637 -1.138694 
 V663: -0.672637 -1.138694 0.700000 
 V664: -1.138694 0.700000 -0.672637 
 V665: 0.700000 -0.672637 -1.138694 
 V666: -0.672637 -1.138694 0.700000 
 V667: -1.138694 0.700000 -0.672637 
 V668: 0.700000 -0.672637 -1.138694 
 V669: -0.672637 -1.138694 0.100000 
 V670: -1.138694 0.100000 -0.552564 
 V671: 0.100000 -0.552564 -1.122716 
 V672: -0.552564 -1.122716 0.100000 
 V673: -1.122716 0.100000 -0.672637 
 V674: 0.100000 -0.672637 -1.138694 
 V675: -0.672637 -1.138694 0.700000 
 V676: -1.138694 0.700000 -0.552564 
 V677: 0.700000 -0.552564 -1.122716 
 V678: -0.552564 -1.122716 0.100000 
 V679: -1.122716 0.100000 -0.552564 
 V680: 0.100000 -0.552564 -1.122716 
 V681: -0.552564 -1.122716 0.700000 
 V682: -1.122716 0.700000 -0.552564 
 V683: 0.700000 -0.552564 -1.122716 
 V684: -0.552564 -1.122716 0.700000 
 V685: -1.122716 0.700000 -0.552564 
 V686: 0.700000 -0.552564 -1.122716 
 V687: -0.552564 -1.122716 0.100000 
 V688: -1.122716 0.100000 -0.416281 
 V689: 0.100000 -0.416281 -1.113113 
 V690: -0.416281 -1.113113 0.100000 
 V691: -1.113113 0.100000 -0.552564 
 V692: 0.100000 -0.552564 -1.122716 
 V693: -0.552564 -1.122716 0.700000 
 V694: -1.122716 0.700000 -0.416281 
 V695: 0.700000 -0.416281 -1.113113 
 V696: -0.416281 -1.113113 0.100000 
 V697: -1.113113 0.100000 -0.416281 
 V698: 0.100000 -0.416281 -1.113113 
 V699: -0.416281 -1.113113 0.700000 
 V700: -1.113113 0.700000 -1.100048 
 V701: 0.700000 -1.100048 0.336358 
 V702: -1.100048 0.336358 0.100000 
 V703: 0.336358 0.100000 -1.100048 
 V704: 0.100000 -1.100048 0.336358 
 V705: -1.100048 0.336358 0.200000 
 V706: 0.336358 0.200000 -1.100771 
 V707: 0.200000 -1.100771 0.332872 
 V708: -1.100771 0.332872 0.100000 
 V709: 0.332872 0.100000 -1.100771 
 V710: 0.100000 -1.100771 0.332872 
 V711: -1.100771 0.332872 0.100000 
 V712: 0.332872 0.100000 -1.100048 
 V713: 0.100000 -1.100048 0.336358 
 V714: -1.100048 0.336358 0.200000 
 V715: 0.336358 0.200000 -1.100048 
 V716: 0.200000 -1.100048 0.336358 
 V717: -1.100048 0.336358 0.300000 
 V718: 0.336358 0.300000 -1.100771 
 V719: 0.300000 -1.100771 0.332872 
 V720: -1.100771 0.332872 0.100000 
 V721: 0.332872 0.100000 -1.100048 
 V722: 0.100000 -1.100048 0.336358 
 V723: -1.100048 0.336358 0.300000 
 V724: 0.336358 0.300000 -1.100048 
 V725: 0.300000 -1.100048 0.336358 
 V726: -1.100048 0.336358 0.400000 
 V727: 0.336358 0.400000 -1.100048 
 V728: 0.400000 -1.100048 0.336358 
 V729: -1.100048 0.336358 0.400000 
 V730: 0.336358 0.400000 -1.100048 
 V731: 0.400000 -1.100048 0.336358 
 V732: -1.100048 0.336358 0.300000 
 V733: 0.336358 0.300000 -1.099954 
 V734: 0.300000 -1.099954 0.339919 
 V735: -1.099954 0.339919 0.300000 
 V736: 0.339919 0.300000 -1.100048 
 V737: 0.300000 -1.100048 0.336358 
 V738: -1.100048 0.336358 0.400000 
 V739: 0.336358 0.400000 -1.099954 
 V740: 0.400000 -1.099954 0.339919 
 V741: -1.099954 0.339919 0.300000 
 V742: 0.339919 0.300000 -1.099954 
 V743: 0.300000 -1.099954 0.339919 
 V744: -1.099954 0.339919 0.400000 
 V745: 0.339919 0.400000 -1.099954 
 V746: 0.400000 -1.099954 0.339919 
 V747: -1.099954 0.339919 0.400000 
 V748: 0.339919 0.400000 -1.099954 
 V749: 0.400000 -1.099954 0.339919 
 V750: -1.099954 0.339919 0.300000 
 V751: 0.339919 0.300000 -1.100494 
 V752: 0.300000 -1.100494 0.343440 
 V753: -1.100494 0.343440 0.300000 
 V754: 0.343440 0.300000 -1.099954 
 V755: 0.300000 -1.099954 0.339919 
 V756: -1.099954 0.339919 0.400000 
 V757: 0.339919 0.400000 -1.100494 
 V758: 0.400000 -1.100494 0.343440 
 V759: -1.100494 0.343440 0.300000 
 V760: 0.343440 0.300000 -1.100494 
 V761: 0.300000 -1.100494 0.343440 
 V762: -1.100494 0.343440 0.400000 
 V763: 0.343440 0.400000 -1.100494 
 V764: 0.400000 -1.100494 0.343440 
 V765: -1.100494 0.343440 0.400000 
 V766: 0.343440 0.400000 -1.100494 
 V767: 0.400000 -1.100494 0.343440 
 V768: -1.100494 0.343440 0.300000 
 V769: 0.343440 0.300000 -1.101646 
 V770: 0.300000 -1.101646 0.346801 
 V771: -1.101646 0.346801 0.300000 
 V772: 0.346801 0.300000 -1.100494 
 V773: 0.300000 -1.100494 0.343440 
 V774: -1.100494 0.343440 0.400000 
 V775: 0.343440 0.400000 -1.101646 
 V776: 0.400000 -1.101646 0.346801 
 V777: -1.101646 0.346801 0.300000 
 V778: 0.346801 0.300000 -1.101646 
 V779: 0.300000 -1.101646 0.346801 
 V780: -1.101646 0.346801 0.400000 
 V781: 0.346801 0.400000 -1.101646 
 V782: 0.400000 -1.101646 0.346801 
 V783: -1.101646 0.346801 0.400000 
 V784: 0.346801 0.400000 -1.101646 
 V785: 0.400000 -1.101646 0.346801 
 V786: -1.101646 0.346801 0.300000 
 V787: 0.346801 0.300000 -1.103376 
 V788: 0.300000 -1.103376 0.349906 
 V789: -1.103376 0.349906 0.300000 
 V790: 0.349906 0.300000 -1.101646 
 V791: 0.300000 -1.101646 0.346801 
 V792: -1.101646 0.346801 0.400000 
 V793: 0.346801 0.400000 -1.103376 
 V794: 0.400000 -1.103376 0.349906 
 V795: -1.103376 0.349906 0.300000 
 V796: 0.349906 0.300000 -1.103376 
 V797: 0.300000 -1.103376 0.349906 
 V798: -1.103376 0.349906 0.400000 
 V799: 0.349906 0.400000 -1.103376 
 V800: 0.400000 -1.103376 0.349906 
 V801: -1.103376 0.349906 0.400000 
 V802: 0.349906 0.400000 -1.103376 
 V803: 0.400000 -1.103376 0.349906 
 V804: -1.103376 0.349906 0.300000 
 V805: 0.349906 0.300000 -1.105629 
Mesh Number: 1
Vertex Count: 1044
Triangle Count: 348
 V0: -0.386370 0.103528 0.700000 
 V1: 0.103528 0.700000 -0.995185 
 V2: 0.700000 -0.995185 0.098017 
 V3: -0.995185 0.098017 0.700000 
 V4: 0.098017 0.700000 -0.400000 
 V5: 0.700000 -0.400000 -0.000000 
 V6: -0.400000 -0.000000 0.700000 
 V7: -0.000000 0.700000 -0.400000 
 V8: 0.700000 -0.400000 -0.000000 
 V9: -0.400000 -0.000000 0.700000 
 V10: -0.000000 0.700000 -0.995185 
 V11: 0.700000 -0.995185 0.098017 
 V12: -0.995185 0.098017 0.700000 
 V13: 0.098017 0.700000 -0.997859 
 V14: 0.700000 -0.997859 -0.065403 
 V15: -0.997859 -0.065403 0.700000 
 V16: -0.065403 0.700000 -0.400000 
 V17: 0.700000 -0.400000 -0.000000 
 V18: -0.400000 -0.000000 0.700000 
 V19: -0.000000 0.700000 -0.997859 
 V20: 0.700000 -0.997859 -0.065403 
 V21: -0.997859 -0.065403 0.700000 
 V22: -0.065403 0.700000 -0.386370 
 V23: 0.700000 -0.386370 -0.103528 
 V24: -0.386370 -0.103528 0.700000 
 V25: -0.103528 0.700000 -0.386370 
 V26: 0.700000 -0.386370 -0.103528 
 V27: -0.386370 -0.103528 0.700000 
 V28: -0.103528 0.700000 -0.997859 
 V29: 0.700000 -0.997859 -0.065403 
 V30: -0.997859 -0.065403 0.700000 
 V31: -0.065403 0.700000 -0.973877 
 V32: 0.700000 -0.973877 -0.227076 
 V33: -0.973877 -0.227076 0.700000 
 V34: -0.227076 0.700000 -0.386370 
 V35: 0.700000 -0.386370 -0.103528 
 V36: -0.386370 -0.103528 0.700000 
 V37: -0.103528 0.700000 -0.973877 
 V38: 0.700000 -0.973877 -0.227076 
 V39: -0.973877 -0.227076 0.700000 
 V40: -0.227076 0.700000 -0.346410 
 V41: 0.700000 -0.346410 -0.200000 
 V42: -0.346410 -0.200000 0.700000 
 V43: -0.200000 0.700000 -0.346410 
 V44: 0.700000 -0.346410 -0.200000 
 V45: -0.346410 -0.200000 0.700000 
 V46: -0.200000 0.700000 -0.973877 
 V47: 0.700000 -0.973877 -0.227076 
 V48: -0.973877 -0.227076 0.700000 
 V49: -0.227076 0.700000 -0.923880 
 V50: 0.700000 -0.923880 -0.382683 
 V51: -0.923880 -0.382683 0.700000 
 V52: -0.382683 0.700000 -0.346410 
 V53: 0.700000 -0.346410 -0.200000 
 V54: -0.346410 -0.200000 0.700000 
 V55: -0.200000 0.700000 -0.923880 
 V56: 0.700000 -0.923880 -0.382683 
 V57: -0.923880 -0.382683 0.700000 
 V58: -0.382683 0.700000 -0.282843 
 V59: 0.700000 -0.282843 -0.282843 
 V60: -0.282843 -0.282843 0.700000 
 V61: -0.282843 0.700000 -0.282843 
 V62: 0.700000 -0.282843 -0.282843 
 V63: -0.282843 -0.282843 0.700000 
 V64: -0.282843 0.700000 -0.923880 
 V65: 0.700000 -0.923880 -0.382683 
 V66: -0.923880 -0.382683 0.700000 
 V67: -0.382683 0.700000 -0.849202 
 V68: 0.700000 -0.849202 -0.528068 
 V69: -0.849202 -0.528068 0.700000 
 V70: -0.528068 0.700000 -0.282843 
 V71: 0.700000 -0.282843 -0.282843 
 V72: -0.282843 -0.282843 0.700000 
 V73: -0.282843 0.700000 -0.849202 
 V74: 0.700000 -0.849202 -0.528068 
 V75: -0.849202 -0.528068 0.700000 
 V76: -0.528068 0.700000 -0.200000 
 V77: 0.700000 -0.200000 -0.346410 
 V78: -0.200000 -0.346410 0.700000 
 V79: -0.346410 0.700000 -0.200000 
 V80: 0.700000 -0.200000 -0.346410 
 V81: -0.200000 -0.346410 0.700000 
 V82: -0.346410 0.700000 -0.849202 
 V83: 0.700000 -0.849202 -0.528068 
 V84: -0.849202 -0.528068 0.700000 
 V85: -0.528068 0.700000 -0.751840 
 V86: 0.700000 -0.751840 -0.659346 
 V87: -0.751840 -0.659346 0.700000 
 V88: -0.659346 0.700000 -0.200000 
 V89: 0.700000 -0.200000 -0.346410 
 V90: -0.200000 -0.346410 0.700000 
 V91: -0.346410 0.700000 -0.751840 
 V92: 0.700000 -0.751840 -0.659346 
 V93: -0.751840 -0.659346 0.700000 
 V94: -0.659346 0.700000 -0.634393 
 V95: 0.700000 -0.634393 -0.773010 
 V96: -0.634393 -0.773010 0.700000 
 V97: -0.773010 0.700000 -0.995185 
 V98: 0.700000 -0.995185 0.098017 
 V99: -0.995185 0.098017 0.700000 
 V100: 0.098017 0.700000 -0.386370 
 V101: 0.700000 -0.386370 0.103528 
 V102: -0.386370 0.103528 0.700000 
 V103: 0.103528 0.700000 -0.965926 
 V104: 0.700000 -0.965926 0.258819 
 V105: -0.965926 0.258819 0.700000 
 V106: 0.258819 0.700000 -0.965926 
 V107: 0.700000 -0.965926 0.258819 
 V108: -0.965926 0.258819 0.700000 
 V109: 0.258819 0.700000 -0.386370 
 V110: 0.700000 -0.386370 0.103528 
 V111: -0.386370 0.103528 0.700000 
 V112: 0.103528 0.700000 -0.346410 
 V113: 0.700000 -0.346410 0.200000 
 V114: -0.346410 0.200000 0.700000 
 V115: 0.200000 0.700000 -0.965926 
 V116: 0.700000 -0.965926 0.258819 
 V117: -0.965926 0.258819 0.700000 
 V118: 0.258819 0.700000 -0.346410 
 V119: 0.700000 -0.346410 0.200000 
 V120: -0.346410 0.200000 0.700000 
 V121: 0.200000 0.700000 -0.910864 
 V122: 0.700000 -0.910864 0.412707 
 V123: -0.910864 0.412707 0.700000 
 V124: 0.412707 0.700000 -0.910864 
 V125: 0.700000 -0.910864 0.412707 
 V126: -0.910864 0.412707 0.700000 
 V127: 0.412707 0.700000 -0.346410 
 V128: 0.700000 -0.346410 0.200000 
 V129: -0.346410 0.200000 0.700000 
 V130: 0.200000 0.700000 -0.282843 
 V131: 0.700000 -0.282843 0.282843 
 V132: -0.282843 0.282843 0.700000 
 V133: 0.282843 0.700000 -0.910864 
 V134: 0.700000 -0.910864 0.412707 
 V135: -0.910864 0.412707 0.700000 
 V136: 0.412707 0.700000 -0.282843 
 V137: 0.700000 -0.282843 0.282843 
 V138: -0.282843 0.282843 0.700000 
 V139: 0.282843 0.700000 -0.831470 
 V140: 0.700000 -0.831470 0.555570 
 V141: -0.831470 0.555570 0.700000 
 V142: 0.555570 0.700000 -0.831470 
 V143: 0.700000 -0.831470 0.555570 
 V144: -0.831470 0.555570 0.700000 
 V145: 0.555570 0.700000 -0.282843 
 V146: 0.700000 -0.282843 0.282843 
 V147: -0.282843 0.282843 0.700000 
 V148: 0.282843 0.700000 -0.200000 
 V149: 0.700000 -0.200000 0.346410 
 V150: -0.200000 0.346410 0.700000 
 V151: 0.346410 0.700000 -0.831470 
 V152: 0.700000 -0.831470 0.555570 
 V153: -0.831470 0.555570 0.700000 
 V154: 0.555570 0.700000 -0.200000 
 V155: 0.700000 -0.200000 0.346410 
 V156: -0.200000 0.346410 0.700000 
 V157: 0.346410 0.700000 -0.729864 
 V158: 0.700000 -0.729864 0.683592 
 V159: -0.729864 0.683592 0.700000 
 V160: 0.683592 0.700000 -0.729864 
 V161: 0.700000 -0.729864 0.683592 
 V162: -0.729864 0.683592 0.700000 
 V163: 0.683592 0.700000 -0.200000 
 V164: 0.700000 -0.200000 0.346410 
 V165: -0.200000 0.346410 0.700000 
 V166: 0.346410 0.700000 -0.608761 
 V167: 0.700000 -0.608761 0.793353 
 V168: -0.608761 0.793353 0.700000 
 V169: 0.793353 0.700000 -0.608761 
 V170: 0.700000 -0.608761 0.793353 
 V171: -0.608761 0.793353 0.700000 
 V172: 0.793353 0.700000 -0.200000 
 V173: 0.700000 -0.200000 0.346410 
 V174: -0.200000 0.346410 0.700000 
 V175: 0.346410 0.700000 -0.103528 
 V176: 0.700000 -0.103528 0.386370 
 V177: -0.103528 0.386370 0.700000 
 V178: 0.386370 0.700000 -0.608761 
 V179: 0.700000 -0.608761 0.793353 
 V180: -0.608761 0.793353 0.700000 
 V181: 0.793353 0.700000 -0.103528 
 V182: 0.700000 -0.103528 0.386370 
 V183: -0.103528 0.386370 0.700000 
 V184: 0.386370 0.700000 -0.471397 
 V185: 0.700000 -0.471397 0.881921 
 V186: -0.471397 0.881921 0.700000 
 V187: 0.881921 0.700000 -0.471397 
 V188: 0.700000 -0.471397 0.881921 
 V189: -0.471397 0.881921 0.700000 
 V190: 0.881921 0.700000 -0.103528 
 V191: 0.700000 -0.103528 0.386370 
 V192: -0.103528 0.386370 0.700000 
 V193: 0.386370 0.700000 -0.321439 
 V194: 0.700000 -0.321439 0.946930 
 V195: -0.321439 0.946930 0.700000 
 V196: 0.946930 0.700000 -0.321439 
 V197: 0.700000 -0.321439 0.946930 
 V198: -0.321439 0.946930 0.700000 
 V199: 0.946930 0.700000 -0.103528 
 V200: 0.700000 -0.103528 0.386370 
 V201: -0.103528 0.386370 0.700000 
 V202: 0.386370 0.700000 0.000000 
 V203: 0.700000 0.000000 0.400000 
 V204: 0.000000 0.400000 0.700000 
 V205: 0.400000 0.700000 -0.321439 
 V206: 0.700000 -0.321439 0.946930 
 V207: -0.321439 0.946930 0.700000 
 V208: 0.946930 0.700000 0.000000 
 V209: 0.700000 0.000000 0.400000 
 V210: 0.000000 0.400000 0.700000 
 V211: 0.400000 0.700000 -0.162895 
 V212: 0.700000 -0.162895 0.986643 
 V213: -0.162895 0.986643 0.700000 
 V214: 0.986643 0.700000 -0.162895 
 V215: 0.700000 -0.162895 0.986643 
 V216: -0.162895 0.986643 0.700000 
 V217: 0.986643 0.700000 0.000000 
 V218: 0.700000 0.000000 0.400000 
 V219: 0.000000 0.400000 0.700000 
 V220: 0.400000 0.700000 0.000000 
 V221: 0.700000 0.000000 1.000000 
 V222: 0.000000 1.000000 0.700000 
 V223: 1.000000 0.700000 0.000000 
 V224: 0.700000 0.000000 1.000000 
 V225: 0.000000 1.000000 0.700000 
 V226: 1.000000 0.700000 0.000000 
 V227: 0.700000 0.000000 0.400000 
 V228: 0.000000 0.400000 0.700000 
 V229: 0.400000 0.700000 0.103528 
 V230: 0.700000 0.103528 0.386370 
 V231: 0.103528 0.386370 0.700000 
 V232: 0.386370 0.700000 0.000000 
 V233: 0.700000 0.000000 1.000000 
 V234: 0.000000 1.000000 0.700000 
 V235: 1.000000 0.700000 0.103528 
 V236: 0.700000 0.103528 0.386370 
 V237: 0.103528 0.386370 0.700000 
 V238: 0.386370 0.700000 0.332869 
 V239: 0.700000 0.332869 0.994477 
 V240: 0.332869 0.994477 0.700000 
 V241: 0.994477 0.700000 0.332869 
 V242: 0.700000 0.332869 0.994477 
 V243: 0.332869 0.994477 0.700000 
 V244: 0.994477 0.700000 0.103528 
 V245: 0.700000 0.103528 0.386370 
 V246: 0.103528 0.386370 0.700000 
 V247: 0.386370 0.700000 0.495804 
 V248: 0.700000 0.495804 0.988910 
 V249: 0.495804 0.988910 0.700000 
 V250: 0.988910 0.700000 0.495804 
 V251: 0.700000 0.495804 0.988910 
 V252: 0.495804 0.988910 0.700000 
 V253: 0.988910 0.700000 0.103528 
 V254: 0.700000 0.103528 0.386370 
 V255: 0.103528 0.386370 0.700000 
 V256: 0.386370 0.700000 0.200000 
 V257: 0.700000 0.200000 0.346410 
 V258: 0.200000 0.346410 0.700000 
 V259: 0.346410 0.700000 0.495804 
 V260: 0.700000 0.495804 0.988910 
 V261: 0.495804 0.988910 0.700000 
 V262: 0.988910 0.700000 0.200000 
 V263: 0.700000 0.200000 0.346410 
 V264: 0.200000 0.346410 0.700000 
 V265: 0.346410 0.700000 0.642891 
 V266: 0.700000 0.642891 0.982910 
 V267: 0.642891 0.982910 0.700000 
 V268: 0.982910 0.700000 0.642891 
 V269: 0.700000 0.642891 0.982910 
 V270: 0.642891 0.982910 0.700000 
 V271: 0.982910 0.700000 0.200000 
 V272: 0.700000 0.200000 0.346410 
 V273: 0.200000 0.346410 0.700000 
 V274: 0.346410 0.700000 0.766245 
 V275: 0.700000 0.766245 0.977132 
 V276: 0.766245 0.977132 0.700000 
 V277: 0.977132 0.700000 0.766245 
 V278: 0.700000 0.766245 0.977132 
 V279: 0.766245 0.977132 0.700000 
 V280: 0.977132 0.700000 0.200000 
 V281: 0.700000 0.200000 0.346410 
 V282: 0.200000 0.346410 0.700000 
 V283: 0.346410 0.700000 0.282843 
 V284: 0.700000 0.282843 0.282843 
 V285: 0.282843 0.282843 0.700000 
 V286: 0.282843 0.700000 0.766245 
 V287: 0.700000 0.766245 0.977132 
 V288: 0.766245 0.977132 0.700000 
 V289: 0.977132 0.700000 0.282843 
 V290: 0.700000 0.282843 0.282843 
 V291: 0.282843 0.282843 0.700000 
 V292: 0.282843 0.700000 0.864437 
 V293: 0.700000 0.864437 0.971283 
 V294: 0.864437 0.971283 0.700000 
 V295: 0.971283 0.700000 0.864437 
 V296: 0.700000 0.864437 0.971283 
 V297: 0.864437 0.971283 0.700000 
 V298: 0.971283 0.700000 0.282843 
 V299: 0.700000 0.282843 0.282843 
 V300: 0.282843 0.282843 0.700000 
 V301: 0.282843 0.700000 0.945959 
 V302: 0.700000 0.945959 0.963644 
 V303: 0.945959 0.963644 0.700000 
 V304: 0.963644 0.700000 0.945959 
 V305: 0.700000 0.945959 0.963644 
 V306: 0.945959 0.963644 0.700000 
 V307: 0.963644 0.700000 0.282843 
 V308: 0.700000 0.282843 0.282843 
 V309: 0.282843 0.282843 0.700000 
 V310: 0.282843 0.700000 1.033883 
 V311: 0.700000 1.033883 0.950483 
 V312: 1.033883 0.950483 0.700000 
 V313: 0.950483 0.700000 1.033883 
 V314: 0.700000 1.033883 0.950483 
 V315: 1.033883 0.950483 0.700000 
 V316: 0.950483 0.700000 0.282843 
 V317: 0.700000 0.282843 0.282843 
 V318: 0.282843 0.282843 0.700000 
 V319: 0.282843 0.700000 1.087875 
 V320: 0.700000 1.087875 0.940320 
 V321: 1.087875 0.940320 0.700000 
 V322: 0.940320 0.700000 1.087875 
 V323: 0.700000 1.087875 0.940320 
 V324: 1.087875 0.940320 0.700000 
 V325: 0.940320 0.700000 0.282843 
 V326: 0.700000 0.282843 0.282843 
 V327: 0.282843 0.282843 0.700000 
 V328: 0.282843 0.700000 1.150190 
 V329: 0.700000 1.150190 0.927004 
 V330: 1.150190 0.927004 0.700000 
 V331: 0.927004 0.700000 1.150190 
 V332: 0.700000 1.150190 0.927004 
 V333: 1.150190 0.927004 0.700000 
 V334: 0.927004 0.700000 0.282843 
 V335: 0.700000 0.282843 0.282843 
 V336: 0.282843 0.282843 0.700000 
 V337: 0.282843 0.700000 0.346410 
 V338: 0.700000 0.346410 0.200000 
 V339: 0.346410 0.200000 0.700000 
 V340: 0.200000 0.700000 1.150190 
 V341: 0.700000 1.150190 0.927004 
 V342: 1.150190 0.927004 0.700000 
 V343: 0.927004 0.700000 0.346410 
 V344: 0.700000 0.346410 0.200000 
 V345: 0.346410 0.200000 0.700000 
 V346: 0.200000 0.700000 1.220349 
 V347: 0.700000 1.220349 0.910037 
